500       // control rate
32        // temperature in celsius degrees
18      // nominal tube length in cm
512       // wave table length in samples
0.40      // glottal pulse rise time (tp)
0.12      // glottal pulse fall time min (tnMin)
0.35      // glottal pulse fall time max (tnMax)
0.01      // breathiness (as factor * noise)
42.0      // crossmix offset (in db)
0.02      // loss at each scattering junction
6.0       // maximum mouth radius
-0.75     // throat lowpass filter cutoff
6.0       // throat signal volume (in db)
1.35     1.7     1.7     1.3     .9      // fixed nose radii
0.000 0.000 1.500 1.500 1.500 1.500 1.500 1.500 1.500 1.500 0.000 0.000 0.000 0.000 5000.000 500.000
-0.074 0.441 1.500 1.500 1.500 1.500 1.500 1.500 1.500 1.500 0.000 0.000 0.000 0.000 5000.000 500.000
-0.147 0.882 1.500 1.500 1.500 1.500 1.500 1.500 1.500 1.500 0.000 0.000 0.000 0.000 5000.000 500.000
-0.221 1.324 1.500 1.500 1.500 1.500 1.500 1.500 1.500 1.500 0.000 0.000 0.000 0.000 5000.000 500.000
-0.294 1.765 1.500 1.500 1.500 1.500 1.500 1.500 1.500 1.500 0.000 0.000 0.000 0.000 5000.000 500.000
-0.368 2.206 1.500 1.500 1.500 1.500 1.500 1.500 1.500 1.500 0.000 0.000 0.000 0.000 5000.000 500.000
-0.441 2.647 1.500 1.500 1.500 1.500 1.500 1.500 1.500 1.500 0.000 0.000 0.000 0.000 5000.000 500.000
-0.515 3.088 1.500 1.500 1.500 1.500 1.500 1.500 1.500 1.500 0.000 0.000 0.000 0.000 5000.000 500.000
-0.588 3.529 1.500 1.500 1.500 1.500 1.500 1.500 1.500 1.500 0.000 0.000 0.000 0.000 5000.000 500.000
-0.662 3.971 1.500 1.500 1.500 1.500 1.500 1.500 1.500 1.500 0.000 0.000 0.000 0.000 5000.000 500.000
-0.735 4.412 1.500 1.500 1.500 1.500 1.500 1.500 1.500 1.500 0.000 0.000 0.000 0.000 5000.000 500.000
-0.809 4.853 1.500 1.500 1.500 1.500 1.500 1.500 1.500 1.500 0.000 0.000 0.000 0.000 5000.000 500.000
-0.882 5.294 1.500 1.500 1.500 1.500 1.500 1.500 1.500 1.500 0.000 0.000 0.000 0.000 5000.000 500.000
-0.956 5.735 1.500 1.500 1.500 1.500 1.500 1.500 1.500 1.500 0.000 0.000 0.000 0.000 5000.000 500.000
-1.029 6.176 1.500 1.500 1.500 1.500 1.500 1.500 1.500 1.500 0.000 0.000 0.000 0.000 5000.000 500.000
-1.103 6.618 1.500 1.500 1.500 1.500 1.500 1.500 1.500 1.500 0.000 0.000 0.000 0.000 5000.000 500.000
-1.176 7.059 1.500 1.500 1.500 1.500 1.500 1.500 1.500 1.500 0.000 0.000 0.000 0.000 5000.000 500.000
-1.250 7.500 1.500 1.500 1.500 1.500 1.500 1.500 1.500 1.500 0.000 0.000 0.000 0.000 5000.000 500.000
-1.719 10.313 1.500 1.500 1.500 1.500 1.500 1.500 1.500 1.500 0.000 0.000 0.000 0.000 5000.000 500.000
-2.188 13.125 1.500 1.500 1.500 1.500 1.500 1.500 1.500 1.500 0.000 0.000 0.000 0.000 5000.000 500.000
-2.656 15.938 1.500 1.500 1.500 1.500 1.500 1.500 1.500 1.500 0.000 0.000 0.000 0.000 5000.000 500.000
-3.125 18.750 1.500 1.500 1.500 1.500 1.500 1.500 1.500 1.500 0.000 0.000 0.000 0.000 5000.000 500.000
-3.594 21.563 1.500 1.500 1.500 1.500 1.500 1.500 1.500 1.500 0.000 0.000 0.000 0.000 5000.000 500.000
-4.062 24.375 1.500 1.500 1.500 1.500 1.500 1.500 1.500 1.500 0.000 0.000 0.000 0.000 5000.000 500.000
-4.531 27.188 1.500 1.500 1.500 1.500 1.500 1.500 1.500 1.500 0.000 0.000 0.000 0.000 5000.000 500.000
-5.000 30.000 1.500 1.500 1.500 1.500 1.500 1.500 1.500 1.500 0.000 0.000 0.000 0.000 5000.000 500.000
-5.469 32.812 1.500 1.500 1.500 1.500 1.500 1.500 1.500 1.500 0.000 0.000 0.000 0.000 5000.000 500.000
-5.938 35.625 1.500 1.500 1.500 1.500 1.500 1.500 1.500 1.500 0.000 0.000 0.000 0.000 5000.000 500.000
-6.406 38.438 1.500 1.500 1.500 1.500 1.500 1.500 1.500 1.500 0.000 0.000 0.000 0.000 5000.000 500.000
-6.875 41.250 1.500 1.500 1.500 1.500 1.500 1.500 1.500 1.500 0.000 0.000 0.000 0.000 5000.000 500.000
-7.344 44.062 1.500 1.500 1.500 1.500 1.500 1.500 1.500 1.500 0.000 0.000 0.000 0.000 5000.000 500.000
-7.812 46.875 1.500 1.500 1.500 1.500 1.500 1.500 1.500 1.500 0.000 0.000 0.000 0.000 5000.000 500.000
-8.281 49.688 1.500 1.500 1.500 1.500 1.500 1.500 1.500 1.500 0.000 0.000 0.000 0.000 5000.000 500.000
-8.750 52.500 1.500 1.500 1.500 1.500 1.500 1.500 1.500 1.500 0.000 0.000 0.000 0.000 5000.000 500.000
-8.824 52.941 1.500 1.500 1.500 1.500 1.500 1.500 1.500 1.500 0.000 0.000 0.000 0.000 5000.000 500.000
-8.897 53.382 1.500 1.500 1.500 1.500 1.500 1.500 1.500 1.500 0.000 0.000 0.000 0.000 5000.000 500.000
-8.971 53.824 1.500 1.500 1.500 1.500 1.500 1.500 1.500 1.500 0.000 0.000 0.000 0.000 5000.000 500.000
-9.044 54.265 1.500 1.500 1.500 1.500 1.500 1.500 1.500 1.500 0.000 0.000 0.000 0.000 5000.000 500.000
-9.118 54.706 1.500 1.500 1.500 1.500 1.500 1.500 1.500 1.500 0.000 0.000 0.000 0.000 5000.000 500.000
-9.191 55.147 1.500 1.500 1.500 1.500 1.500 1.500 1.500 1.500 0.000 0.000 0.000 0.000 5000.000 500.000
-9.265 55.588 1.500 1.500 1.500 1.500 1.500 1.500 1.500 1.500 0.000 0.000 0.000 0.000 5000.000 500.000
-9.338 56.029 1.500 1.500 1.500 1.500 1.500 1.500 1.500 1.500 0.000 0.000 0.000 0.000 5000.000 500.000
-9.412 56.471 1.500 1.500 1.500 1.500 1.500 1.500 1.500 1.500 0.000 0.000 0.000 0.000 5000.000 500.000
-9.485 56.912 1.500 1.500 1.500 1.500 1.500 1.500 1.500 1.500 0.000 0.000 0.000 0.000 5000.000 500.000
-9.559 57.353 1.500 1.500 1.500 1.500 1.500 1.500 1.500 1.500 0.000 0.000 0.000 0.000 5000.000 500.000
-9.632 57.794 1.500 1.500 1.500 1.500 1.500 1.500 1.500 1.500 0.000 0.000 0.000 0.000 5000.000 500.000
-9.706 58.235 1.500 1.500 1.500 1.500 1.500 1.500 1.500 1.500 0.000 0.000 0.000 0.000 5000.000 500.000
-9.779 58.676 1.500 1.500 1.500 1.500 1.500 1.500 1.500 1.500 0.000 0.000 0.000 0.000 5000.000 500.000
-9.853 59.118 1.500 1.500 1.500 1.500 1.500 1.500 1.500 1.500 0.000 0.000 0.000 0.000 5000.000 500.000
-9.926 59.559 1.500 1.500 1.500 1.500 1.500 1.500 1.500 1.500 0.000 0.000 0.000 0.000 5000.000 500.000
-10.000 60.000 1.500 1.500 1.500 1.500 1.500 1.500 1.500 1.500 0.000 0.000 0.000 0.000 5000.000 500.000
-10.037 60.000 1.500 1.500 1.500 1.500 1.500 1.500 1.500 1.489 0.007 0.000 0.000 0.000 5000.000 500.000
-10.074 60.000 1.500 1.500 1.500 1.500 1.500 1.500 1.500 1.478 0.015 0.000 0.000 0.000 5000.000 500.000
-10.110 60.000 1.500 1.500 1.500 1.500 1.500 1.500 1.500 1.467 0.022 0.000 0.000 0.000 5000.000 500.000
-10.147 60.000 1.500 1.500 1.500 1.500 1.500 1.500 1.500 1.456 0.029 0.000 0.000 0.000 5000.000 500.000
-10.184 60.000 1.500 1.500 1.500 1.500 1.500 1.500 1.500 1.445 0.037 0.000 0.000 0.000 5000.000 500.000
-10.221 60.000 1.500 1.500 1.500 1.500 1.500 1.500 1.500 1.434 0.044 0.000 0.000 0.000 5000.000 500.000
-10.257 60.000 1.500 1.500 1.500 1.500 1.500 1.500 1.500 1.423 0.051 0.000 0.000 0.000 5000.000 500.000
-10.294 60.000 1.500 1.500 1.500 1.500 1.500 1.500 1.500 1.412 0.059 0.000 0.000 0.000 5000.000 500.000
-10.331 60.000 1.500 1.500 1.500 1.500 1.500 1.500 1.500 1.401 0.066 0.000 0.000 0.000 5000.000 500.000
-10.368 60.000 1.500 1.500 1.500 1.500 1.500 1.500 1.500 1.390 0.074 0.000 0.000 0.000 5000.000 500.000
-10.404 60.000 1.500 1.500 1.500 1.500 1.500 1.500 1.500 1.379 0.081 0.000 0.000 0.000 5000.000 500.000
-10.441 60.000 1.500 1.500 1.500 1.500 1.500 1.500 1.500 1.368 0.088 0.000 0.000 0.000 5000.000 500.000
-10.478 60.000 1.500 1.500 1.500 1.500 1.500 1.500 1.500 1.357 0.096 0.000 0.000 0.000 5000.000 500.000
-10.515 60.000 1.500 1.500 1.500 1.500 1.500 1.500 1.500 1.346 0.103 0.000 0.000 0.000 5000.000 500.000
-10.551 60.000 1.500 1.500 1.500 1.500 1.500 1.500 1.500 1.335 0.110 0.000 0.000 0.000 5000.000 500.000
-10.588 60.000 1.500 1.500 1.500 1.500 1.500 1.500 1.500 1.324 0.118 0.000 0.000 0.000 5000.000 500.000
-10.625 60.000 1.500 1.500 1.500 1.500 1.500 1.500 1.500 1.313 0.125 0.000 0.000 0.000 5000.000 500.000
-10.859 60.000 1.500 1.500 1.500 1.500 1.500 1.500 1.500 1.242 0.172 0.000 0.000 0.000 5000.000 500.000
-11.094 60.000 1.500 1.500 1.500 1.500 1.500 1.500 1.500 1.172 0.219 0.000 0.000 0.000 5000.000 500.000
-11.328 60.000 1.500 1.500 1.500 1.500 1.500 1.500 1.500 1.102 0.266 0.000 0.000 0.000 5000.000 500.000
-11.562 60.000 1.500 1.500 1.500 1.500 1.500 1.500 1.500 1.031 0.312 0.000 0.000 0.000 5000.000 500.000
-11.797 60.000 1.500 1.500 1.500 1.500 1.500 1.500 1.500 0.961 0.359 0.000 0.000 0.000 5000.000 500.000
-12.031 60.000 1.500 1.500 1.500 1.500 1.500 1.500 1.500 0.891 0.406 0.000 0.000 0.000 5000.000 500.000
-12.266 60.000 1.500 1.500 1.500 1.500 1.500 1.500 1.500 0.820 0.453 0.000 0.000 0.000 5000.000 500.000
-12.500 60.000 1.500 1.500 1.500 1.500 1.500 1.500 1.500 0.750 0.500 0.000 0.000 0.000 5000.000 500.000
-12.734 60.000 1.500 1.500 1.500 1.500 1.500 1.500 1.500 0.680 0.547 0.000 0.000 0.000 5000.000 500.000
-12.969 60.000 1.500 1.500 1.500 1.500 1.500 1.500 1.500 0.609 0.594 0.000 0.000 0.000 5000.000 500.000
-13.203 60.000 1.500 1.500 1.500 1.500 1.500 1.500 1.500 0.539 0.641 0.000 0.000 0.000 5000.000 500.000
-13.437 60.000 1.500 1.500 1.500 1.500 1.500 1.500 1.500 0.469 0.688 0.000 0.000 0.000 5000.000 500.000
-13.672 60.000 1.500 1.500 1.500 1.500 1.500 1.500 1.500 0.398 0.734 0.000 0.000 0.000 5000.000 500.000
-13.906 60.000 1.500 1.500 1.500 1.500 1.500 1.500 1.500 0.328 0.781 0.000 0.000 0.000 5000.000 500.000
-14.141 60.000 1.500 1.500 1.500 1.500 1.500 1.500 1.500 0.258 0.828 0.000 0.000 0.000 5000.000 500.000
-14.375 60.000 1.500 1.500 1.500 1.500 1.500 1.500 1.500 0.188 0.875 0.000 0.000 0.000 5000.000 500.000
-14.118 60.000 1.500 1.500 1.500 1.500 1.500 1.500 1.500 0.265 0.824 0.000 0.000 0.000 5000.000 500.000
-13.860 60.000 1.500 1.500 1.500 1.500 1.500 1.500 1.500 0.342 0.772 0.000 0.000 0.000 5000.000 500.000
-13.603 60.000 1.500 1.500 1.500 1.500 1.500 1.500 1.500 0.419 0.721 0.000 0.000 0.000 5000.000 500.000
-13.346 60.000 1.500 1.500 1.500 1.500 1.500 1.500 1.500 0.496 0.669 0.000 0.000 0.000 5000.000 500.000
-13.088 60.000 1.500 1.500 1.500 1.500 1.500 1.500 1.500 0.574 0.618 0.000 0.000 0.000 5000.000 500.000
-12.831 60.000 1.500 1.500 1.500 1.500 1.500 1.500 1.500 0.651 0.566 0.000 0.000 0.000 5000.000 500.000
-12.574 60.000 1.500 1.500 1.500 1.500 1.500 1.500 1.500 0.728 0.515 0.000 0.000 0.000 5000.000 500.000
-12.316 60.000 1.500 1.500 1.500 1.500 1.500 1.500 1.500 0.805 0.463 0.000 0.000 0.000 5000.000 500.000
-12.059 60.000 1.500 1.500 1.500 1.500 1.500 1.500 1.500 0.882 0.412 0.000 0.000 0.000 5000.000 500.000
-11.801 60.000 1.500 1.500 1.500 1.500 1.500 1.500 1.500 0.960 0.360 0.000 0.000 0.000 5000.000 500.000
-11.544 60.000 1.500 1.500 1.500 1.500 1.500 1.500 1.500 1.037 0.309 0.000 0.000 0.000 5000.000 500.000
-11.287 60.000 1.500 1.500 1.500 1.500 1.500 1.500 1.500 1.114 0.257 0.000 0.000 0.000 5000.000 500.000
-11.029 60.000 1.500 1.500 1.500 1.500 1.500 1.500 1.500 1.191 0.206 0.000 0.000 0.000 5000.000 500.000
-10.772 60.000 1.500 1.500 1.500 1.500 1.500 1.500 1.500 1.268 0.154 0.000 0.000 0.000 5000.000 500.000
-10.515 60.000 1.500 1.500 1.500 1.500 1.500 1.500 1.500 1.346 0.103 0.000 0.000 0.000 5000.000 500.000
-10.257 60.000 1.500 1.500 1.500 1.500 1.500 1.500 1.500 1.423 0.051 0.000 0.000 0.000 5000.000 500.000
-10.000 60.000 1.500 1.500 1.500 1.500 1.500 1.500 1.500 1.500 0.000 0.000 0.000 0.000 5000.000 500.000
-9.926 59.559 1.500 1.500 1.500 1.500 1.500 1.500 1.500 1.500 0.000 0.000 0.000 0.000 5000.000 500.000
-9.853 59.118 1.500 1.500 1.500 1.500 1.500 1.500 1.500 1.500 0.000 0.000 0.000 0.000 5000.000 500.000
-9.779 58.676 1.500 1.500 1.500 1.500 1.500 1.500 1.500 1.500 0.000 0.000 0.000 0.000 5000.000 500.000
-9.706 58.235 1.500 1.500 1.500 1.500 1.500 1.500 1.500 1.500 0.000 0.000 0.000 0.000 5000.000 500.000
-9.632 57.794 1.500 1.500 1.500 1.500 1.500 1.500 1.500 1.500 0.000 0.000 0.000 0.000 5000.000 500.000
-9.559 57.353 1.500 1.500 1.500 1.500 1.500 1.500 1.500 1.500 0.000 0.000 0.000 0.000 5000.000 500.000
-9.485 56.912 1.500 1.500 1.500 1.500 1.500 1.500 1.500 1.500 0.000 0.000 0.000 0.000 5000.000 500.000
-9.412 56.471 1.500 1.500 1.500 1.500 1.500 1.500 1.500 1.500 0.000 0.000 0.000 0.000 5000.000 500.000
-9.338 56.029 1.500 1.500 1.500 1.500 1.500 1.500 1.500 1.500 0.000 0.000 0.000 0.000 5000.000 500.000
-9.265 55.588 1.500 1.500 1.500 1.500 1.500 1.500 1.500 1.500 0.000 0.000 0.000 0.000 5000.000 500.000
-9.191 55.147 1.500 1.500 1.500 1.500 1.500 1.500 1.500 1.500 0.000 0.000 0.000 0.000 5000.000 500.000
-9.118 54.706 1.500 1.500 1.500 1.500 1.500 1.500 1.500 1.500 0.000 0.000 0.000 0.000 5000.000 500.000
-9.044 54.265 1.500 1.500 1.500 1.500 1.500 1.500 1.500 1.500 0.000 0.000 0.000 0.000 5000.000 500.000
-8.971 53.824 1.500 1.500 1.500 1.500 1.500 1.500 1.500 1.500 0.000 0.000 0.000 0.000 5000.000 500.000
-8.897 53.382 1.500 1.500 1.500 1.500 1.500 1.500 1.500 1.500 0.000 0.000 0.000 0.000 5000.000 500.000
-8.824 52.941 1.500 1.500 1.500 1.500 1.500 1.500 1.500 1.500 0.000 0.000 0.000 0.000 5000.000 500.000
-8.750 52.500 1.500 1.500 1.500 1.500 1.500 1.500 1.500 1.500 0.000 0.000 0.000 0.000 5000.000 500.000
-8.281 49.688 1.500 1.500 1.500 1.500 1.500 1.500 1.500 1.500 0.000 0.000 0.000 0.000 5000.000 500.000
-7.812 46.875 1.500 1.500 1.500 1.500 1.500 1.500 1.500 1.500 0.000 0.000 0.000 0.000 5000.000 500.000
-7.344 44.062 1.500 1.500 1.500 1.500 1.500 1.500 1.500 1.500 0.000 0.000 0.000 0.000 5000.000 500.000
-6.875 41.250 1.500 1.500 1.500 1.500 1.500 1.500 1.500 1.500 0.000 0.000 0.000 0.000 5000.000 500.000
-6.406 38.438 1.500 1.500 1.500 1.500 1.500 1.500 1.500 1.500 0.000 0.000 0.000 0.000 5000.000 500.000
-5.937 35.625 1.500 1.500 1.500 1.500 1.500 1.500 1.500 1.500 0.000 0.000 0.000 0.000 5000.000 500.000
-5.469 32.812 1.500 1.500 1.500 1.500 1.500 1.500 1.500 1.500 0.000 0.000 0.000 0.000 5000.000 500.000
-5.000 30.000 1.500 1.500 1.500 1.500 1.500 1.500 1.500 1.500 0.000 0.000 0.000 0.000 5000.000 500.000
-4.531 27.188 1.500 1.500 1.500 1.500 1.500 1.500 1.500 1.500 0.000 0.000 0.000 0.000 5000.000 500.000
-4.062 24.375 1.500 1.500 1.500 1.500 1.500 1.500 1.500 1.500 0.000 0.000 0.000 0.000 5000.000 500.000
-3.594 21.562 1.500 1.500 1.500 1.500 1.500 1.500 1.500 1.500 0.000 0.000 0.000 0.000 5000.000 500.000
-3.125 18.750 1.500 1.500 1.500 1.500 1.500 1.500 1.500 1.500 0.000 0.000 0.000 0.000 5000.000 500.000
-2.656 15.938 1.500 1.500 1.500 1.500 1.500 1.500 1.500 1.500 0.000 0.000 0.000 0.000 5000.000 500.000
-2.187 13.125 1.500 1.500 1.500 1.500 1.500 1.500 1.500 1.500 0.000 0.000 0.000 0.000 5000.000 500.000
-1.719 10.312 1.500 1.500 1.500 1.500 1.500 1.500 1.500 1.500 0.000 0.000 0.000 0.000 5000.000 500.000
-1.250 7.500 1.500 1.500 1.500 1.500 1.500 1.500 1.500 1.500 0.000 0.000 0.000 0.000 5000.000 500.000
-1.176 7.059 1.500 1.500 1.500 1.500 1.500 1.500 1.500 1.500 0.000 0.000 0.000 0.000 5000.000 500.000
-1.103 6.618 1.500 1.500 1.500 1.500 1.500 1.500 1.500 1.500 0.000 0.000 0.000 0.000 5000.000 500.000
-1.029 6.176 1.500 1.500 1.500 1.500 1.500 1.500 1.500 1.500 0.000 0.000 0.000 0.000 5000.000 500.000
-0.956 5.735 1.500 1.500 1.500 1.500 1.500 1.500 1.500 1.500 0.000 0.000 0.000 0.000 5000.000 500.000
-0.882 5.294 1.500 1.500 1.500 1.500 1.500 1.500 1.500 1.500 0.000 0.000 0.000 0.000 5000.000 500.000
-0.809 4.853 1.500 1.500 1.500 1.500 1.500 1.500 1.500 1.500 0.000 0.000 0.000 0.000 5000.000 500.000
-0.735 4.412 1.500 1.500 1.500 1.500 1.500 1.500 1.500 1.500 0.000 0.000 0.000 0.000 5000.000 500.000
-0.662 3.971 1.500 1.500 1.500 1.500 1.500 1.500 1.500 1.500 0.000 0.000 0.000 0.000 5000.000 500.000
-0.588 3.529 1.500 1.500 1.500 1.500 1.500 1.500 1.500 1.500 0.000 0.000 0.000 0.000 5000.000 500.000
-0.515 3.088 1.500 1.500 1.500 1.500 1.500 1.500 1.500 1.500 0.000 0.000 0.000 0.000 5000.000 500.000
-0.441 2.647 1.500 1.500 1.500 1.500 1.500 1.500 1.500 1.500 0.000 0.000 0.000 0.000 5000.000 500.000
-0.368 2.206 1.500 1.500 1.500 1.500 1.500 1.500 1.500 1.500 0.000 0.000 0.000 0.000 5000.000 500.000
-0.294 1.765 1.500 1.500 1.500 1.500 1.500 1.500 1.500 1.500 0.000 0.000 0.000 0.000 5000.000 500.000
-0.221 1.324 1.500 1.500 1.500 1.500 1.500 1.500 1.500 1.500 0.000 0.000 0.000 0.000 5000.000 500.000
-0.147 0.882 1.500 1.500 1.500 1.500 1.500 1.500 1.500 1.500 0.000 0.000 0.000 0.000 5000.000 500.000
-0.074 0.441 1.500 1.500 1.500 1.500 1.500 1.500 1.500 1.500 0.000 0.000 0.000 0.000 5000.000 500.000
