0         ; output file format (0 = AU, 1 = AIFF, 2 = WAVE)
44100.0   ; output sample rate (22050.0, 44100.0)
4.0       ; input control rate (1 - 1000 Hz)
60.0	  ; master volume (0 - 60 dB)
1         ; number of sound output channels (1 or 2)
0.0       ; stereo balance (-1 to +1)
0         ; glottal source waveform type (0 = pulse, 1 = sine)
40.0      ; glottal pulse rise time (5 - 50 % of GP period)
16.0      ; glottal pulse fall time minimum (5 - 50 % of GP period)
32.0      ; glottal pulse fall time maximum (5 - 50 % of GP period)
2.50      ; glottal source breathiness (0 - 10 % of GS amplitude)
13.0      ; nominal tube length (10 - 20 cm)
32        ; tube temperature (25 - 40 degrees celsius)
1.50      ; junction loss factor (0 - 5 % of unity gain)
3.05      ; aperture scaling radius (3.05 - 12 cm)
5000.0	  ; mouth aperture coefficient (100 - nyqyist Hz)
5000.0	  ; nose aperture coefficient (100 - nyquist Hz)
1.35	  ; radius of nose section 1 (0 - 3 cm)
1.96	  ; radius of nose section 2 (0 - 3 cm)
1.91	  ; radius of nose section 3 (0 - 3 cm)
1.3	  ; radius of nose section 4 (0 - 3 cm)
0.73	  ; radius of nose section 5 (0 - 3 cm)
1500.0    ; throat lowpass frequency cutoff (50 - nyquist Hz)
6.0       ; throat volume (0 - 48 dB)
1	  ; pulse modulation of noise (0 = off, 1 = on)
48.0      ; noise crossmix offset (30 - 60 db)
4.0	0.0	0.0	0.0	4.0	4400	600	0.8	0.8	0.4	0.4	1.78	1.78	1.26	0.8	0.0
3.5	54.0	0.0	0.0	4.0	4400	600	0.8	0.8	0.4	0.4	1.78	1.78	1.26	0.8	0.0
3.0	60.0	0.0	0.0	4.0	4400	600	0.8	0.8	0.6	0.6	1.58	1.58	1.13	1.01	0.1
2.5	60.0	0.0	0.0	4.0	4450	550	0.8	0.8	1.28	1.28	1.0	1.0	1.0	0.8	1.0
2.0	54.0	0.0	0.0	4.0	4500	500	0.8	0.8	1.68	1.58	0.8	0.8	0.5	0.4	1.0
1.5	51.0	0.0	0.0	4.0	4500	500	0.8	0.8	1.78	1.78	0.2	0.2	0.4	0.0	1.0
1.5	0.0	0.0	0.0	4.0	4500	500	0.8	0.8	1.78	1.78	0.2	0.2	0.4	0.0	1.0
4.0	0.0	0.0	0.0	4.0	4400	600	0.8	0.8	0.4	0.4	1.78	1.78	1.26	0.8	0.0
3.5	54.0	0.0	0.0	4.0	4400	600	0.8	0.8	0.4	0.4	1.78	1.78	1.26	0.8	0.0
3.0	60.0	0.0	0.0	4.0	4400	600	0.8	0.8	0.6	0.6	1.58	1.58	1.13	1.01	0.1
2.5	60.0	0.0	0.0	4.0	4450	550	0.8	0.8	1.28	1.28	1.0	1.0	1.0	0.8	1.0
2.0	54.0	0.0	0.0	4.0	4500	500	0.8	0.8	1.68	1.58	0.8	0.8	0.5	0.4	1.0
1.5	51.0	0.0	0.0	4.0	4500	500	0.8	0.8	1.78	1.78	0.2	0.2	0.4	0.0	1.0
1.5	0.0	0.0	0.0	4.0	4500	500	0.8	0.8	1.78	1.78	0.2	0.2	0.4	0.0	1.0
4.0	0.0	0.0	0.0	4.0	4400	600	0.8	0.8	0.4	0.4	1.78	1.78	1.26	0.8	0.0
3.5	54.0	0.0	0.0	4.0	4400	600	0.8	0.8	0.4	0.4	1.78	1.78	1.26	0.8	0.0
3.0	60.0	0.0	0.0	4.0	4400	600	0.8	0.8	0.6	0.6	1.58	1.58	1.13	1.01	0.1
2.5	60.0	0.0	0.0	4.0	4450	550	0.8	0.8	1.28	1.28	1.0	1.0	1.0	0.8	1.0
2.0	54.0	0.0	0.0	4.0	4500	500	0.8	0.8	1.68	1.58	0.8	0.8	0.5	0.4	1.0
1.5	51.0	0.0	0.0	4.0	4500	500	0.8	0.8	1.78	1.78	0.2	0.2	0.4	0.0	1.0
1.5	0.0	0.0	0.0	4.0	4500	500	0.8	0.8	1.78	1.78	0.2	0.2	0.4	0.0	1.0
4.0	0.0	0.0	0.0	4.0	4400	600	0.8	0.8	0.4	0.4	1.78	1.78	1.26	0.8	0.0
3.5	54.0	0.0	0.0	4.0	4400	600	0.8	0.8	0.4	0.4	1.78	1.78	1.26	0.8	0.0
3.0	60.0	0.0	0.0	4.0	4400	600	0.8	0.8	0.6	0.6	1.58	1.58	1.13	1.01	0.1
2.5	60.0	0.0	0.0	4.0	4450	550	0.8	0.8	1.28	1.28	1.0	1.0	1.0	0.8	1.0
2.0	54.0	0.0	0.0	4.0	4500	500	0.8	0.8	1.68	1.58	0.8	0.8	0.5	0.4	1.0
1.5	51.0	0.0	0.0	4.0	4500	500	0.8	0.8	1.78	1.78	0.2	0.2	0.4	0.0	1.0
1.5	0.0	0.0	0.0	4.0	4500	500	0.8	0.8	1.78	1.78	0.2	0.2	0.4	0.0	1.0
4.0	0.0	0.0	0.0	4.0	4400	600	0.8	0.8	0.4	0.4	1.78	1.78	1.26	0.8	0.0
3.5	54.0	0.0	0.0	4.0	4400	600	0.8	0.8	0.4	0.4	1.78	1.78	1.26	0.8	0.0
3.0	60.0	0.0	0.0	4.0	4400	600	0.8	0.8	0.6	0.6	1.58	1.58	1.13	1.01	0.1
2.5	60.0	0.0	0.0	4.0	4450	550	0.8	0.8	1.28	1.28	1.0	1.0	1.0	0.8	1.0
2.0	54.0	0.0	0.0	4.0	4500	500	0.8	0.8	1.68	1.58	0.8	0.8	0.5	0.4	1.0
1.5	51.0	0.0	0.0	4.0	4500	500	0.8	0.8	1.78	1.78	0.2	0.2	0.4	0.0	1.0
1.5	0.0	0.0	0.0	4.0	4500	500	0.8	0.8	1.78	1.78	0.2	0.2	0.4	0.0	1.0
4.0	0.0	0.0	0.0	4.0	4400	600	0.8	0.8	0.4	0.4	1.78	1.78	1.26	0.8	0.0
3.5	54.0	0.0	0.0	4.0	4400	600	0.8	0.8	0.4	0.4	1.78	1.78	1.26	0.8	0.0
3.0	60.0	0.0	0.0	4.0	4400	600	0.8	0.8	0.6	0.6	1.58	1.58	1.13	1.01	0.1
2.5	60.0	0.0	0.0	4.0	4450	550	0.8	0.8	1.28	1.28	1.0	1.0	1.0	0.8	1.0
2.0	54.0	0.0	0.0	4.0	4500	500	0.8	0.8	1.68	1.58	0.8	0.8	0.5	0.4	1.0
1.5	51.0	0.0	0.0	4.0	4500	500	0.8	0.8	1.78	1.78	0.2	0.2	0.4	0.0	1.0
1.5	0.0	0.0	0.0	4.0	4500	500	0.8	0.8	1.78	1.78	0.2	0.2	0.4	0.0	1.0
4.0	0.0	0.0	0.0	4.0	4400	600	0.8	0.8	0.4	0.4	1.78	1.78	1.26	0.8	0.0
3.5	54.0	0.0	0.0	4.0	4400	600	0.8	0.8	0.4	0.4	1.78	1.78	1.26	0.8	0.0
3.0	60.0	0.0	0.0	4.0	4400	600	0.8	0.8	0.6	0.6	1.58	1.58	1.13	1.01	0.1
2.5	60.0	0.0	0.0	4.0	4450	550	0.8	0.8	1.28	1.28	1.0	1.0	1.0	0.8	1.0
2.0	54.0	0.0	0.0	4.0	4500	500	0.8	0.8	1.68	1.58	0.8	0.8	0.5	0.4	1.0
1.5	51.0	0.0	0.0	4.0	4500	500	0.8	0.8	1.78	1.78	0.2	0.2	0.4	0.0	1.0
1.5	0.0	0.0	0.0	4.0	4500	500	0.8	0.8	1.78	1.78	0.2	0.2	0.4	0.0	1.0
4.0	0.0	0.0	0.0	4.0	4400	600	0.8	0.8	0.4	0.4	1.78	1.78	1.26	0.8	0.0
3.5	54.0	0.0	0.0	4.0	4400	600	0.8	0.8	0.4	0.4	1.78	1.78	1.26	0.8	0.0
3.0	60.0	0.0	0.0	4.0	4400	600	0.8	0.8	0.6	0.6	1.58	1.58	1.13	1.01	0.1
2.5	60.0	0.0	0.0	4.0	4450	550	0.8	0.8	1.28	1.28	1.0	1.0	1.0	0.8	1.0
2.0	54.0	0.0	0.0	4.0	4500	500	0.8	0.8	1.68	1.58	0.8	0.8	0.5	0.4	1.0
1.5	51.0	0.0	0.0	4.0	4500	500	0.8	0.8	1.78	1.78	0.2	0.2	0.4	0.0	1.0
1.5	0.0	0.0	0.0	4.0	4500	500	0.8	0.8	1.78	1.78	0.2	0.2	0.4	0.0	1.0
4.0	0.0	0.0	0.0	4.0	4400	600	0.8	0.8	0.4	0.4	1.78	1.78	1.26	0.8	0.0
3.5	54.0	0.0	0.0	4.0	4400	600	0.8	0.8	0.4	0.4	1.78	1.78	1.26	0.8	0.0
3.0	60.0	0.0	0.0	4.0	4400	600	0.8	0.8	0.6	0.6	1.58	1.58	1.13	1.01	0.1
2.5	60.0	0.0	0.0	4.0	4450	550	0.8	0.8	1.28	1.28	1.0	1.0	1.0	0.8	1.0
2.0	54.0	0.0	0.0	4.0	4500	500	0.8	0.8	1.68	1.58	0.8	0.8	0.5	0.4	1.0
1.5	51.0	0.0	0.0	4.0	4500	500	0.8	0.8	1.78	1.78	0.2	0.2	0.4	0.0	1.0
1.5	0.0	0.0	0.0	4.0	4500	500	0.8	0.8	1.78	1.78	0.2	0.2	0.4	0.0	1.0
4.0	0.0	0.0	0.0	4.0	4400	600	0.8	0.8	0.4	0.4	1.78	1.78	1.26	0.8	0.0
3.5	54.0	0.0	0.0	4.0	4400	600	0.8	0.8	0.4	0.4	1.78	1.78	1.26	0.8	0.0
3.0	60.0	0.0	0.0	4.0	4400	600	0.8	0.8	0.6	0.6	1.58	1.58	1.13	1.01	0.1
2.5	60.0	0.0	0.0	4.0	4450	550	0.8	0.8	1.28	1.28	1.0	1.0	1.0	0.8	1.0
2.0	54.0	0.0	0.0	4.0	4500	500	0.8	0.8	1.68	1.58	0.8	0.8	0.5	0.4	1.0
1.5	51.0	0.0	0.0	4.0	4500	500	0.8	0.8	1.78	1.78	0.2	0.2	0.4	0.0	1.0
1.5	0.0	0.0	0.0	4.0	4500	500	0.8	0.8	1.78	1.78	0.2	0.2	0.4	0.0	1.0
